(4,5.061974152456418E-5)
(52,1.047006992966952E-4)
(100,1.047006992966952E-4)
(28,1.047006992966952E-4)
(44,1.047006992966952E-4)
(88,1.047006992966952E-4)
(20,1.047006992966952E-4)
(60,1.047006992966952E-4)
(36,1.047006992966952E-4)
(12,1.047006992966952E-4)
(40,1.047006992966952E-4)
(96,1.047006992966952E-4)
(92,1.047006992966952E-4)
(72,1.047006992966952E-4)
(84,1.047006992966952E-4)
(76,1.047006992966952E-4)
(8,7.702118669812162E-5)
(64,1.047006992966952E-4)
(0,0.0)
(56,1.047006992966952E-4)
(80,1.047006992966952E-4)
(48,1.047006992966952E-4)
(68,1.047006992966952E-4)
(24,1.047006992966952E-4)
(16,1.047006992966952E-4)
(32,1.047006992966952E-4)
(1,1.588812573561084E-5)
(93,1.047006992966952E-4)
(25,1.047006992966952E-4)
(45,1.047006992966952E-4)
(17,1.047006992966952E-4)
(77,1.047006992966952E-4)
(53,1.047006992966952E-4)
(69,1.047006992966952E-4)
(41,1.047006992966952E-4)
(21,1.047006992966952E-4)
(9,8.134213026403417E-5)
(33,1.047006992966952E-4)
(29,1.047006992966952E-4)
(65,1.047006992966952E-4)
(5,5.890776462131795E-5)
(13,1.047006992966952E-4)
(61,1.047006992966952E-4)
(97,1.047006992966952E-4)
(81,1.047006992966952E-4)
(73,1.047006992966952E-4)
(89,1.047006992966952E-4)
(37,1.047006992966952E-4)
(57,1.047006992966952E-4)
(49,1.047006992966952E-4)
(85,1.047006992966952E-4)
(42,1.047006992966952E-4)
(18,1.047006992966952E-4)
(62,1.047006992966952E-4)
(6,6.595084287305436E-5)
(86,1.047006992966952E-4)
(98,1.047006992966952E-4)
(26,1.047006992966952E-4)
(70,1.047006992966952E-4)
(38,1.047006992966952E-4)
(50,1.047006992966952E-4)
(14,1.047006992966952E-4)
(94,1.047006992966952E-4)
(58,1.047006992966952E-4)
(30,1.047006992966952E-4)
(34,1.047006992966952E-4)
(74,1.047006992966952E-4)
(46,1.047006992966952E-4)
(66,1.047006992966952E-4)
(90,1.047006992966952E-4)
(2,2.9391220523344347E-5)
(22,1.047006992966952E-4)
(78,1.047006992966952E-4)
(54,1.047006992966952E-4)
(10,8.501325886262294E-5)
(82,1.047006992966952E-4)
(79,1.047006992966952E-4)
(83,1.047006992966952E-4)
(95,1.047006992966952E-4)
(7,7.193573524791714E-5)
(91,1.047006992966952E-4)
(15,1.047006992966952E-4)
(11,1.047006992966952E-4)
(23,1.047006992966952E-4)
(3,4.086705694684287E-5)
(51,1.047006992966952E-4)
(27,1.047006992966952E-4)
(39,1.047006992966952E-4)
(71,1.047006992966952E-4)
(59,1.047006992966952E-4)
(31,1.047006992966952E-4)
(35,1.047006992966952E-4)
(87,1.047006992966952E-4)
(75,1.047006992966952E-4)
(99,1.047006992966952E-4)
(43,1.047006992966952E-4)
(19,1.047006992966952E-4)
(63,1.047006992966952E-4)
(67,1.047006992966952E-4)
(55,1.047006992966952E-4)
(47,1.047006992966952E-4)

