10,3
100,41
100,699
101,41
101,534
102,41
103,41
104,41
105,41
106,41
106,337
106,409
107,41
107,513
107,638
107,534
108,41
109,41
11,3
11,468
11,126
11,409
110,41
110,409
111,41
111,699
112,638
112,41
113,41
114,41
115,337
115,41
116,41
117,41
118,41
119,41
12,3
120,41
120,534
121,41
122,699
122,41
122,585
122,361
123,41
124,41
125,41
126,562
126,14
126,5
126,6
126,9
126,732
126,8
126,300
126,13
126,11
126,4
126,697
126,175
126,41
126,700
126,689
126,17
126,568
127,41
128,585
128,41
129,41
13,791
13,126
13,3
130,41
131,41
132,41
133,41
134,41
135,41
136,41
137,41
138,41
138,361
139,337
139,41
14,791
14,759
14,126
14,782
14,585
14,3
14,409
140,41
141,41
141,699
142,41
143,41
143,699
144,41
144,699
145,41
146,41
147,41
147,534
148,41
149,41
15,3
150,513
150,41
151,534
151,41
152,361
152,409
152,41
153,41
154,41
154,361
155,41
156,41
156,638
157,534
157,41
158,41
159,41
16,409
16,3
160,41
160,409
160,699
161,345
161,41
161,534
162,41
163,41
163,409
164,41
165,41
166,41
167,41
168,534
168,41
169,41
17,757
17,698
17,3
17,126
17,513
170,699
170,41
171,534
171,41
172,41
173,534
173,41
174,41
175,41
175,126
176,41
177,41
178,41
178,534
179,41
18,3
180,41
181,41
182,41
183,41
184,41
185,41
186,534
186,41
187,409
187,41
188,41
189,41
19,3
190,41
191,41
192,41
192,534
193,41
194,41
195,41
196,41
197,41
198,41
198,699
199,41
2,1
20,38
20,31
20,35
20,36
20,28
20,26
20,23
20,27
20,25
20,30
20,29
20,24
20,32
20,34
20,33
20,37
200,41
200,699
201,699
201,41
202,41
203,41
203,337
204,41
205,41
205,534
206,699
206,41
207,41
208,41
209,41
209,534
21,20
210,41
211,409
211,41
211,345
212,41
213,41
214,337
214,534
214,41
215,41
216,41
217,345
217,41
218,534
218,41
219,41
22,20
220,41
220,409
221,534
221,41
222,41
222,638
222,534
223,41
223,699
224,41
225,41
226,41
227,41
228,41
228,585
229,41
23,20
230,534
230,41
231,41
231,699
232,41
233,41
234,41
234,534
235,41
235,345
236,41
237,41
238,41
238,534
238,699
238,585
239,41
24,20
240,534
240,41
241,41
242,41
243,699
243,534
243,513
243,638
243,41
243,409
244,41
245,534
245,41
246,699
246,41
247,41
248,41
249,534
249,41
25,20
250,41
251,41
252,41
253,41
254,41
255,41
255,534
256,41
256,534
257,41
258,41
258,534
259,41
26,20
260,534
260,41
261,41
262,41
263,41
264,41
265,41
266,41
267,41
268,534
268,41
269,41
27,20
270,41
271,41
272,638
272,699
272,534
272,41
273,41
274,41
274,585
275,41
276,41
276,534
277,41
278,41
279,41
28,20
280,41
281,409
281,41
282,41
282,585
282,345
282,534
283,41
283,699
284,41
284,534
285,41
286,41
286,534
287,41
287,337
288,534
288,41
289,41
29,20
290,41
291,41
292,41
292,534
293,41
293,513
293,409
294,41
295,41
296,41
297,41
298,41
299,41
3,10
3,12
3,11
3,13
3,17
3,8
3,18
3,14
3,6
3,7
3,16
3,9
30,20
300,41
301,41
302,41
303,41
303,534
304,41
305,41
306,41
306,534
307,41
308,41
309,41
31,20
310,41
311,41
312,41
313,41
313,534
314,41
314,534
315,41
316,41
317,41
318,41
319,41
32,20
320,41
321,41
321,409
321,534
322,534
322,41
322,699
323,41
324,699
324,41
325,41
325,585
325,337
325,699
325,534
326,534
326,41
327,41
328,41
329,41
329,534
33,20
330,41
331,41
331,585
331,361
332,585
332,41
332,699
332,361
332,534
333,41
334,41
335,41
336,41
337,361
337,258
337,668
337,680
337,359
337,203
337,131
337,482
337,214
337,535
337,304
337,510
337,325
337,515
337,505
337,640
337,41
337,78
337,363
337,599
337,520
337,324
337,642
337,488
337,692
337,418
337,178
337,536
337,228
337,528
337,250
337,283
337,625
337,139
337,287
337,493
337,593
337,578
337,106
337,425
337,552
337,311
337,589
337,612
338,41
339,41
339,638
339,791
339,361
339,534
339,698
34,20
340,534
340,41
341,41
342,41
342,345
342,534
342,513
343,41
343,534
343,468
344,41
344,534
345,801
345,716
345,521
345,475
345,396
345,282
345,598
345,476
345,409
345,617
345,697
345,446
345,536
345,614
345,342
345,586
345,366
345,778
345,615
345,499
345,41
345,550
345,356
345,851
346,41
347,41
348,41
349,41
349,534
35,20
350,41
351,41
352,41
353,41
353,699
354,534
354,41
354,585
354,513
355,41
356,345
356,41
357,41
357,739
357,585
357,699
357,534
358,41
359,534
359,41
36,534
36,20
360,41
361,545
361,535
361,559
361,659
361,553
361,647
361,507
361,41
361,322
361,644
361,37
361,732
361,339
361,299
361,560
361,556
361,534
361,564
361,608
362,41
362,699
363,41
363,699
364,41
365,41
366,41
366,345
367,41
368,41
369,699
369,41
37,762
37,361
37,409
37,20
370,41
371,41
372,699
372,41
373,41
373,409
374,41
375,409
375,41
376,41
376,534
377,41
378,41
379,409
379,41
379,699
38,20
38,718
38,638
38,361
38,409
38,534
38,698
380,41
381,41
382,41
382,534
383,41
384,41
384,534
385,41
386,41
387,41
388,534
388,41
389,41
39,20
390,41
390,699
391,534
391,41
392,41
393,41
394,699
394,41
395,41
396,41
396,345
397,534
397,41
397,409
398,41
399,41
4,126
4,3
40,20
400,41
401,41
402,41
403,41
403,534
404,41
404,585
405,41
406,41
406,409
407,41
407,534
407,699
408,41
409,729
409,794
409,681
409,825
409,17
409,556
409,446
409,697
409,942
409,812
409,343
409,824
409,976
409,513
409,608
409,701
409,607
409,13
409,848
409,137
409,557
409,57
409,466
409,648
409,548
409,8
409,9
409,987
409,339
409,918
409,849
409,666
409,860
409,187
409,397
409,936
409,478
409,16
409,432
409,281
409,653
409,375
409,243
409,673
409,419
409,152
409,910
409,801
409,732
409,534
409,680
409,753
409,851
409,946
409,979
409,5
409,573
409,626
409,547
409,468
409,662
409,726
409,517
409,808
409,14
409,443
409,110
409,991
409,379
409,741
409,106
409,630
409,447
409,38
409,67
409,692
409,927
409,11
409,321
409,989
409,589
409,688
409,550
409,521
409,651
409,702
409,636
409,843
409,476
409,345
409,293
409,65
409,41
409,373
409,744
409,541
409,406
409,300
409,37
409,719
409,382
409,220
409,163
409,724
409,568
409,451
409,750
409,454
409,758
409,43
409,211
409,158
409,160
409,175
409,332
409,760
409,883
409,405
409,616
409,252
409,53
41,566
41,674
41,271
41,46
41,675
41,693
41,111
41,523
41,702
41,68
41,676
41,665
41,562
41,700
41,684
41,658
41,695
41,692
41,669
41,657
41,634
41,682
41,903
41,680
41,683
41,659
41,664
41,677
41,689
41,146
41,647
41,699
41,316
41,696
41,697
41,691
41,668
41,667
41,670
41,671
41,673
41,678
41,679
41,681
41,685
41,688
41,686
41,666
41,672
41,661
41,564
41,233
41,654
41,655
41,660
41,662
41,663
41,690
41,694
41,698
41,701
41,653
41,644
41,652
41,561
41,320
41,648
41,649
41,45
41,646
41,645
41,641
41,642
41,493
41,643
41,435
41,640
41,565
41,639
41,650
41,580
41,633
41,637
41,228
41,551
41,628
41,591
41,618
41,127
41,167
41,603
41,636
41,478
41,325
41,615
41,600
41,488
41,308
41,515
41,614
41,577
41,552
41,225
41,635
41,625
41,142
41,622
41,587
41,629
41,578
41,626
41,456
41,238
41,475
41,593
41,602
41,631
41,606
41,67
41,589
41,595
41,630
41,575
41,604
41,51
41,605
41,72
41,379
41,620
41,597
41,619
41,573
41,69
41,632
41,383
41,596
41,216
41,583
41,627
41,64
41,586
41,612
41,609
41,610
41,608
41,588
41,613
41,599
41,601
41,638
41,173
41,594
41,223
41,193
41,582
41,581
41,128
41,576
41,579
41,495
41,283
41,568
41,538
41,328
41,535
41,545
41,559
41,553
41,106
41,357
41,555
41,259
41,549
41,89
41,380
41,532
41,531
41,530
41,558
41,481
41,494
41,157
41,542
41,312
41,550
41,506
41,522
41,83
41,554
41,624
41,534
41,556
41,536
41,533
41,539
41,540
41,541
41,543
41,544
41,546
41,548
41,560
41,563
41,569
41,571
41,585
41,584
41,590
41,592
41,607
41,611
41,616
41,527
41,526
41,508
41,518
41,454
41,505
41,296
41,510
41,525
41,190
41,408
41,520
41,524
41,129
41,266
41,528
41,437
41,355
41,250
41,201
41,497
41,519
41,363
41,482
41,509
41,501
41,489
41,429
41,517
41,498
41,502
41,503
41,504
41,507
41,513
41,512
41,514
41,516
41,521
41,537
41,499
41,492
41,491
41,496
41,487
41,362
41,165
41,444
41,451
41,459
41,486
41,485
41,226
41,353
41,480
41,452
41,479
41,425
41,227
41,453
41,442
41,477
41,468
41,457
41,458
41,462
41,465
41,470
41,434
41,469
41,322
41,349
41,467
41,472
41,450
41,370
41,432
41,448
41,251
41,455
41,572
41,441
41,445
41,288
41,433
41,471
41,204
41,443
41,446
41,460
41,463
41,464
41,476
41,440
41,231
41,438
41,274
41,369
41,439
41,249
41,141
41,390
41,427
41,418
41,428
41,417
41,399
41,199
41,350
41,421
41,330
41,174
41,239
41,401
41,297
41,215
41,381
41,340
41,210
41,168
41,387
41,56
41,133
41,311
41,368
41,148
41,71
41,278
41,426
41,354
41,376
41,47
41,415
41,423
41,346
41,392
41,277
41,393
41,384
41,414
41,394
41,258
41,77
41,200
41,267
41,422
41,367
41,96
41,400
41,412
41,169
41,372
41,386
41,410
41,344
41,411
41,407
41,413
41,338
41,391
41,388
41,396
41,135
41,348
41,385
41,248
41,352
41,191
41,373
41,214
41,378
41,377
41,382
41,395
41,402
41,403
41,405
41,409
41,420
41,430
41,431
41,365
41,364
41,356
41,351
41,324
41,360
41,347
41,345
41,321
41,343
41,336
41,337
41,335
41,313
41,218
41,326
41,130
41,327
41,305
41,309
41,289
41,268
41,281
41,264
41,184
41,244
41,253
41,301
41,196
41,262
41,186
41,78
41,287
41,304
41,236
41,179
41,280
41,282
41,247
41,205
41,291
41,139
41,292
41,195
41,103
41,295
41,302
41,303
41,306
41,307
41,317
41,331
41,333
41,342
41,358
41,359
41,361
41,366
41,286
41,159
41,298
41,284
41,290
41,293
41,294
41,299
41,500
41,272
41,547
41,260
41,275
41,187
41,256
41,255
41,245
41,243
41,234
41,237
41,175
41,140
41,90
410,41
410,534
411,41
412,41
413,41
414,41
415,41
416,41
416,534
417,41
418,534
418,41
419,409
419,41
42,41
42,585
42,409
420,41
421,41
422,41
422,534
423,41
423,534
423,699
424,41
425,41
426,41
427,41
428,41
429,41
43,41
43,534
430,41
430,699
431,41
432,41
432,534
432,409
433,41
433,534
434,41
435,41
436,41
437,41
438,41
439,41
439,534
44,41
440,41
441,41
441,468
441,585
441,361
441,534
442,534
442,41
443,409
443,534
443,41
443,718
444,41
445,41
446,41
447,41
447,409
448,41
449,699
449,41
45,41
45,534
450,534
450,41
451,41
451,409
452,41
453,41
454,41
455,585
455,534
455,699
455,41
456,468
456,41
457,41
458,41
458,534
459,41
46,41
46,585
46,699
46,534
460,41
461,41
461,534
462,41
463,41
464,41
465,41
466,41
466,534
467,534
467,41
468,8
468,749
468,507
468,983
468,729
468,556
468,478
468,903
468,228
468,9
468,11
468,942
468,794
468,409
468,456
468,517
468,943
468,822
468,807
468,978
468,692
468,41
468,471
468,475
468,459
468,289
468,820
468,891
468,343
469,41
47,41
470,41
471,534
471,41
471,468
471,513
472,41
473,41
474,41
475,468
475,345
475,41
476,409
476,41
476,345
477,534
477,41
478,468
478,409
478,41
479,41
48,534
48,41
480,41
480,638
480,534
481,41
482,41
482,699
483,41
484,41
485,41
486,534
486,41
487,699
487,41
488,699
488,41
489,41
49,41
490,41
491,41
492,41
492,699
493,41
493,699
494,41
495,699
495,585
495,41
496,41
497,41
498,41
499,41
5,126
5,409
5,3
50,699
50,41
50,585
50,534
500,41
501,41
502,534
502,41
503,41
504,638
504,41
504,585
505,699
505,41
506,41
507,468
507,41
508,41
509,41
51,41
51,585
510,41
510,337
511,41
512,41
512,534
513,150
513,588
513,608
513,729
513,556
513,960
513,573
513,779
513,619
513,471
513,409
513,648
513,9
513,794
513,354
513,942
513,517
513,243
513,716
513,293
513,5
513,585
513,342
513,41
513,8
513,455
513,107
514,41
515,41
515,337
516,361
516,41
517,409
517,41
517,468
517,513
518,41
519,41
52,41
520,41
521,41
521,345
521,699
521,409
522,41
523,41
524,41
525,41
526,41
527,41
528,41
529,41
53,41
530,41
531,41
532,41
533,534
533,41
534,556
534,45
534,608
534,272
534,564
534,422
534,416
534,925
534,903
534,68
534,554
534,634
534,388
534,147
534,575
534,665
534,582
534,626
534,619
534,609
534,848
534,586
534,557
534,120
534,38
534,442
534,303
534,450
534,932
534,533
534,9
534,522
534,471
534,57
534,573
534,585
534,648
534,314
534,720
534,697
534,729
534,433
534,255
534,658
534,441
534,243
534,409
534,443
534,517
534,205
534,157
534,50
534,678
534,168
534,978
534,306
534,610
534,797
534,164
534,455
534,670
534,672
534,694
534,288
534,282
534,976
534,548
534,410
534,204
534,581
534,151
534,171
534,320
534,700
534,547
534,340
534,344
534,56
534,309
534,173
534,323
534,555
534,936
534,971
534,321
534,702
534,186
534,572
534,633
534,810
534,407
534,381
534,326
534,432
534,423
534,998
534,629
534,541
534,249
534,379
534,362
534,913
534,46
534,292
534,569
534,680
534,72
534,834
534,596
534,392
534,418
534,384
534,689
534,699
534,268
534,187
534,707
534,635
534,429
534,915
534,637
534,631
534,669
534,280
534,583
534,523
534,77
534,559
534,607
534,961
534,342
534,950
534,624
534,919
534,945
534,762
534,741
534,165
534,289
534,822
534,286
534,732
534,285
534,576
534,428
534,424
534,439
534,615
534,879
534,782
534,550
534,145
534,90
534,486
534,675
534,339
534,693
534,376
534,683
534,128
534,860
534,161
534,325
534,775
534,688
534,466
534,643
534,427
534,349
534,645
534,354
534,623
534,826
534,753
534,664
534,178
534,218
534,638
534,322
534,698
534,93
534,640
534,41
534,480
534,313
534,284
534,561
534,725
534,107
534,343
534,69
534,92
534,209
534,477
534,86
534,719
534,403
534,101
534,85
534,179
534,311
534,66
534,73
534,43
535,41
535,361
536,345
536,41
536,337
537,41
538,41
539,41
54,41
540,534
540,41
541,534
541,41
541,409
542,41
543,41
544,361
544,534
544,41
545,361
545,41
546,41
547,699
547,409
547,534
547,638
547,585
547,41
548,41
549,41
55,41
550,41
550,345
550,409
550,534
551,41
552,41
553,41
553,361
554,534
554,41
555,534
555,41
555,361
556,513
556,468
556,957
556,739
556,41
556,534
556,699
557,534
557,41
558,41
559,361
559,699
559,585
559,41
559,534
56,41
560,361
560,699
560,41
561,534
561,585
561,41
562,41
563,41
564,534
564,41
565,699
565,41
566,41
567,41
568,126
568,41
568,409
569,534
569,41
57,534
57,41
570,41
571,41
572,41
572,534
573,534
573,41
573,468
573,513
573,409
574,41
575,534
575,41
576,41
577,41
578,41
578,699
579,41
58,41
580,41
581,534
581,41
582,534
582,41
583,534
583,41
584,41
585,588
585,534
585,665
585,357
585,14
585,354
585,243
585,282
585,46
585,559
585,128
585,564
585,51
585,495
585,615
585,41
585,674
585,455
585,669
585,238
585,325
585,547
585,644
585,561
585,794
585,441
585,122
585,404
585,379
586,41
586,534
587,41
588,41
589,41
589,337
589,699
589,409
59,41
590,41
590,699
591,41
592,41
593,41
594,41
595,41
595,699
596,41
597,41
597,534
598,345
598,41
599,41
6,3
6,126
60,41
60,513
600,41
601,699
601,638
601,41
602,41
602,699
603,41
604,41
605,41
606,41
606,699
607,41
607,534
608,718
608,41
608,513
608,638
608,699
608,361
608,534
608,698
609,534
609,41
61,957
61,638
61,41
610,41
610,534
610,699
611,41
612,41
613,41
614,345
614,41
615,41
615,699
615,534
615,345
615,585
616,41
616,699
617,345
617,585
617,41
618,41
619,534
619,513
619,41
62,41
62,409
620,41
621,41
622,41
623,638
623,41
624,41
625,41
626,534
626,409
626,762
626,41
627,41
628,41
629,534
629,41
63,699
63,41
630,409
630,699
630,41
631,534
631,699
631,41
632,699
632,41
633,41
634,41
634,534
635,534
635,41
636,41
636,409
637,41
637,699
637,534
638,564
638,608
638,534
638,556
638,716
638,731
638,38
638,672
638,547
638,272
638,339
638,623
638,72
638,41
638,656
638,641
638,601
638,243
638,643
638,222
638,107
639,41
64,41
640,41
641,41
641,638
642,41
643,534
643,41
644,585
644,699
644,361
644,41
645,41
646,41
647,41
648,41
648,513
648,791
648,534
649,41
65,409
65,41
650,534
650,699
650,41
651,409
651,41
652,41
653,409
653,41
654,534
654,41
654,699
655,41
656,698
656,699
656,638
656,41
657,41
658,534
658,699
658,41
659,41
66,41
66,534
660,41
661,41
662,41
662,409
663,41
664,41
665,534
665,739
665,41
666,409
666,41
667,41
668,41
669,585
669,41
67,41
67,409
67,699
670,534
670,41
671,41
672,638
672,41
672,534
673,409
673,699
673,41
674,41
674,585
674,534
675,41
675,534
676,41
676,699
677,41
678,41
678,699
678,534
679,41
68,41
68,699
68,534
680,409
680,534
680,337
680,41
681,41
682,41
682,699
683,41
683,534
684,41
685,41
686,41
687,41
688,534
688,409
688,41
689,126
689,534
689,41
69,534
69,41
690,791
690,41
691,41
692,409
692,534
692,41
692,739
692,468
693,41
694,698
694,41
695,41
696,41
696,468
697,534
697,698
697,41
697,126
697,513
697,345
698,716
698,608
698,534
698,556
698,37
698,38
698,731
698,732
698,339
698,41
698,697
698,810
698,17
698,841
698,940
699,63
699,556
699,665
699,547
699,694
699,644
699,379
699,637
699,903
699,407
699,689
699,348
699,205
699,565
699,386
699,495
699,362
699,243
699,453
699,553
699,534
699,608
699,610
699,46
699,673
699,173
699,564
699,672
699,357
699,246
699,369
699,523
699,423
699,452
699,606
699,589
699,631
699,353
699,226
699,676
699,492
699,390
699,521
699,372
699,67
699,630
699,485
699,595
699,425
699,100
699,141
699,632
699,165
699,231
699,602
699,283
699,659
699,223
699,633
699,440
699,578
699,385
699,426
699,558
699,498
699,148
699,551
699,272
699,200
699,394
699,586
699,111
699,68
699,430
699,559
699,482
699,250
699,615
699,201
699,682
699,238
699,325
699,324
699,41
699,656
699,744
699,654
699,616
699,505
699,601
699,677
699,363
699,590
699,560
699,449
699,658
699,322
699,488
699,256
699,528
699,206
699,198
699,320
699,493
699,143
699,122
699,98
699,332
699,548
699,678
699,90
699,408
699,99
699,455
7,3
70,41
700,41
700,126
700,534
701,41
702,41
702,534
703,709
704,703
705,703
706,703
707,534
707,703
708,703
709,703
71,41
710,737
710,714
710,703
710,739
711,739
711,737
711,718
711,714
711,703
712,703
713,703
714,716
715,718
715,714
716,737
716,714
716,718
716,791
717,714
717,718
718,726
718,725
718,727
718,728
718,717
718,729
718,711
718,730
718,722
718,736
718,735
718,734
718,732
718,716
718,556
718,608
718,564
718,534
718,38
718,731
718,733
719,718
719,361
719,534
72,41
72,638
720,718
721,718
722,718
723,718
724,718
724,409
724,534
725,718
725,534
726,718
726,409
727,718
728,718
729,718
729,468
729,513
729,534
73,534
73,41
730,718
730,534
731,718
731,361
731,698
732,718
732,126
732,361
732,409
732,534
732,698
733,718
734,718
735,718
736,718
737,716
738,737
739,692
739,996
739,995
739,994
739,993
739,992
739,991
739,990
739,989
739,985
739,999
739,986
739,556
739,948
739,942
739,941
739,822
739,943
739,944
739,940
739,938
739,932
739,915
739,927
739,918
739,925
739,904
739,910
739,908
739,888
739,845
739,844
739,842
739,839
739,823
739,831
739,819
739,794
739,787
739,785
739,786
739,777
739,778
739,775
739,779
739,767
739,773
739,774
739,755
739,772
739,776
739,761
739,753
739,754
739,752
739,750
739,988
739,987
739,998
739,665
739,956
739,769
739,907
739,808
739,982
739,749
739,782
739,828
74,41
740,739
741,698
741,534
741,409
741,739
742,739
743,739
744,739
744,699
744,409
745,739
746,739
747,739
748,739
749,468
749,739
75,41
750,739
750,409
751,739
752,739
753,739
753,409
754,739
755,739
756,739
757,762
757,739
758,409
758,739
758,762
759,14
759,672
759,760
759,739
76,41
760,739
761,739
762,754
762,343
762,626
762,8
762,534
762,37
762,739
762,235
763,739
764,739
765,739
766,739
767,739
768,739
769,739
77,534
77,41
770,739
771,739
772,739
773,739
774,739
775,739
776,739
777,739
778,739
779,739
779,791
78,41
780,739
781,739
782,760
782,534
782,739
782,14
782,823
782,819
782,956
782,917
783,739
783,782
784,739
785,739
786,739
787,739
788,739
789,739
79,41
790,739
791,339
791,716
791,787
791,760
791,14
791,739
791,13
792,739
793,739
794,513
794,468
794,739
795,739
796,739
797,534
797,739
798,739
799,739
8,468
8,762
8,513
8,126
8,3
80,41
800,739
801,409
801,739
801,957
801,345
802,585
802,739
803,739
804,739
805,739
806,739
807,739
808,739
808,409
809,739
81,41
810,585
810,739
810,534
811,739
812,739
812,513
813,739
814,739
815,739
816,739
817,739
818,739
819,739
819,782
82,41
820,468
820,739
821,739
822,739
822,468
823,739
823,782
824,739
825,739
826,739
827,739
828,739
829,739
83,41
830,739
831,739
832,739
833,739
834,739
834,534
835,739
836,739
837,739
838,739
839,739
84,41
840,739
841,739
841,698
842,739
843,739
843,409
844,739
845,739
846,739
847,739
848,534
848,739
849,739
849,409
85,534
85,41
850,739
851,739
851,345
851,409
852,739
853,739
854,739
855,739
856,739
857,739
857,409
858,739
859,739
86,41
86,534
860,739
860,409
860,534
861,739
862,739
863,739
864,739
865,739
866,739
867,957
867,739
868,739
869,739
87,534
87,468
87,41
870,739
871,739
872,739
873,739
874,739
875,782
875,739
876,739
877,739
878,739
879,739
88,41
880,739
881,782
881,739
882,739
883,409
883,739
884,739
885,739
886,739
887,739
888,739
889,739
89,41
89,361
890,739
890,782
891,739
891,468
892,739
892,957
893,739
894,739
895,739
896,739
897,739
898,739
899,739
9,534
9,513
9,126
9,468
9,3
90,534
90,699
90,41
900,739
901,739
902,739
903,699
903,739
903,468
903,534
904,739
905,739
906,739
907,739
908,739
909,739
91,41
910,409
910,739
911,739
912,739
913,739
914,739
915,534
915,739
916,739
917,782
917,739
918,739
918,409
919,739
92,41
92,534
920,739
921,739
922,739
923,739
924,739
925,739
925,534
926,739
927,739
927,409
928,739
929,739
93,41
930,739
931,739
932,534
932,409
932,739
933,739
934,739
935,739
936,739
936,409
936,534
937,739
938,739
939,739
94,41
940,698
940,739
941,739
942,468
942,513
942,739
943,739
943,468
944,739
945,739
945,782
946,409
946,739
947,739
948,739
949,739
95,41
95,513
950,534
950,739
951,739
951,585
952,739
953,739
954,739
955,739
956,739
957,739
957,892
957,556
957,534
957,564
957,61
958,739
959,739
96,41
960,513
960,739
961,739
961,534
962,739
963,739
964,739
965,739
966,739
967,739
968,739
969,739
97,41
970,739
971,739
972,739
973,739
974,739
975,739
976,739
976,534
977,739
978,534
978,739
979,409
979,739
98,41
98,699
980,739
981,739
982,739
983,739
984,739
985,739
986,739
986,534
987,739
988,739
989,409
989,739
99,41
99,699
990,739
991,739
991,409
992,739
993,739
994,739
995,739
996,739
997,739
998,739
999,739
